1000 5000
480 307
531 726
522 977
124 93
809 163
152 999
919 633
336 199
713 987
254 358
120 185
172 400
808 135
271 342
846 279
437 948
210 328
979 394
417 392
686 760
105 737
724 931
739 401
307 320
980 52
772 243
226 736
2 718
564 638
757 126
397 383
658 758
642 888
515 117
547 393
736 429
910 666
244 694
757 465
312 240
384 568
469 482
138 446
201 382
717 455
931 100
324 276
139 134
776 910
212 21
835 789
12 667
934 802
83 619
921 932
147 741
66 835
33 702
431 229
261 850
692 76
940 394
642 748
74 52
240 698
693 856
984 110
273 617
420 977
112 620
455 473
789 477
762 348
552 656
358 964
915 21
837 646
190 369
315 31
845 382
644 751
168 385
525 239
979 969
23 443
970 760
56 455
656 631
83 335
527 330
517 233
838 704
18 55
206 314
85 224
504 287
479 167
862 438
403 627
704 956
123 281
761 558
618 266
284 313
981 851
131 35
486 4
745 453
308 535
481 279
491 887
124 296
964 378
590 547
454 113
22 242
684 702
961 191
219 34
392 411
494 450
460 299
383 105
813 78
260 790
808 464
44 229
953 888
95 705
739 814
726 282
6 89
399 841
224 979
575 48
28 989
290 225
684 336
859 965
370 279
286 803
268 496
103 99
386 739
435 132
334 551
141 646
735 634
307 599
698 825
5 459
264 760
530 924
681 826
370 832
886 279
25 507
601 778
8 133
667 715
55 146
267 65
728 69
125 254
246 176
443 667
379 950
725 701
319 981
620 765
142 34
49 730
436 959
617 457
294 370
874 460
379 79
896 431
873 801
506 645
799 1
590 358
779 805
359 413
4 729
630 830
584 167
512 682
489 608
140 728
253 721
646 52
777 299
661 951
860 731
268 593
523 754
37 902
217 807
170 36
879 744
486 469
594 898
593 818
40 867
459 896
916 514
20 18
560 45
243 52
566 390
469 124
300 659
434 651
12 373
468 857
147 938
128 632
915 19
61 596
993 158
212 758
25 229
931 621
86 420
839 892
109 658
760 559
822 952
806 953
184 152
973 360
462 146
455 462
291 180
485 693
385 439
972 669
145 981
999 571
157 3
87 765
787 908
452 643
941 687
395 916
8 787
348 641
323 648
79 7
562 713
933 15
907 716
397 483
383 550
400 838
203 771
776 699
961 848
725 758
343 108
273 405
24 570
830 569
990 468
924 929
269 483
77 172
93 915
744 54
758 650
361 121
65 275
751 276
924 196
653 629
584 541
115 677
296 412
8 476
333 848
263 72
38 355
362 59
389 856
25 300
941 269
47 163
143 548
514 777
696 654
777 1
118 175
526 617
696 234
162 547
804 632
457 794
297 526
109 749
593 689
738 538
100 748
376 246
115 551
628 64
52 742
492 47
237 297
834 657
992 624
809 875
909 395
673 334
33 40
877 660
785 256
635 660
873 252
697 560
768 307
11 380
815 500
261 348
309 959
522 324
791 653
295 56
837 904
533 189
548 0
735 155
158 208
292 888
528 639
167 335
530 742
742 948
950 349
389 893
623 154
210 893
152 226
270 158
129 112
425 231
820 370
202 367
108 826
634 94
556 354
79 151
12 437
72 945
569 997
583 233
723 200
608 58
428 721
898 906
495 292
392 525
610 800
83 380
115 908
720 394
886 908
919 294
843 234
638 158
747 174
643 66
762 853
610 915
935 164
360 992
882 100
770 376
556 566
35 812
113 920
963 289
778 470
816 171
641 825
973 466
410 793
312 894
342 664
545 304
937 910
992 898
204 139
771 289
625 382
287 253
240 590
341 90
591 844
645 959
561 678
423 100
559 333
735 517
889 797
956 283
122 891
661 199
472 312
235 197
546 920
601 370
604 919
336 76
645 485
678 738
540 538
327 985
244 834
764 730
745 302
961 393
268 37
497 825
556 884
434 785
847 661
422 920
698 253
368 258
848 542
942 775
375 915
262 350
0 457
877 806
438 751
986 488
502 820
50 556
262 911
936 739
569 744
159 741
822 831
231 487
407 1
305 606
905 966
807 18
533 576
674 988
443 621
44 597
281 20
144 156
643 62
517 54
25 515
185 510
419 963
701 982
14 509
382 203
562 986
743 344
575 476
31 137
956 676
945 325
344 326
433 474
210 667
606 653
354 141
762 602
675 670
148 73
812 749
565 752
140 872
887 413
320 763
451 786
832 708
500 846
68 664
867 726
532 433
729 817
396 69
112 274
238 295
466 504
590 274
484 193
307 184
402 752
292 712
748 898
200 818
204 64
190 490
260 308
894 178
120 754
839 250
53 124
738 262
225 152
95 571
660 53
606 529
100 47
132 797
522 518
825 101
566 695
642 949
879 662
733 425
984 50
2 323
737 633
833 630
223 429
340 332
18 336
845 199
913 680
287 674
644 79
404 194
503 605
313 250
481 323
311 76
772 83
594 635
340 296
975 953
250 370
609 976
620 531
759 225
884 548
152 101
152 520
623 293
418 185
886 370
332 257
987 926
817 864
639 381
558 186
485 373
490 659
613 221
245 191
258 790
639 458
728 32
162 331
566 374
901 478
757 604
976 362
236 246
553 913
386 623
535 475
505 378
79 40
882 175
232 728
570 659
581 993
47 850
148 567
20 972
561 231
768 514
224 973
948 296
71 9
250 677
590 65
434 590
37 524
447 439
790 387
300 758
220 978
933 319
175 701
246 3
909 562
316 281
909 25
550 431
402 596
269 322
755 57
215 917
940 65
484 445
931 694
343 981
803 648
479 824
747 214
442 278
585 997
260 0
770 764
682 549
153 652
150 780
705 520
325 493
668 927
964 681
84 761
445 686
786 705
177 512
414 821
254 110
64 280
693 968
32 23
464 339
695 963
101 882
20 39
370 684
175 163
134 676
987 977
635 53
650 416
264 780
470 386
893 577
30 320
168 897
210 580
801 531
98 40
508 790
264 223
282 399
430 902
184 603
604 570
945 581
603 648
915 496
555 904
227 945
526 36
40 801
682 76
144 657
123 100
735 680
751 367
245 77
836 340
137 308
933 422
220 465
84 228
914 219
952 584
430 877
935 947
124 894
653 557
771 107
851 244
512 933
760 423
777 421
361 630
967 338
192 292
426 119
859 920
992 76
491 905
378 614
397 835
206 932
702 860
912 834
886 401
45 934
848 817
281 292
456 220
535 185
292 821
497 78
661 978
325 93
327 855
726 655
949 969
392 440
991 821
15 904
666 576
472 119
514 980
888 2
253 361
982 51
119 279
44 515
252 484
519 715
790 68
941 312
303 115
765 119
4 390
375 198
918 343
390 53
838 140
36 122
64 274
749 294
81 353
258 342
260 136
404 983
382 424
690 648
685 734
800 74
341 189
336 407
530 673
787 929
228 689
897 682
59 598
657 349
600 683
108 689
238 55
535 58
920 863
315 460
431 715
708 710
301 260
806 698
457 500
997 560
297 672
992 66
54 108
760 398
170 345
934 166
710 436
732 764
752 831
640 463
235 778
586 352
262 649
724 171
903 856
364 450
126 832
742 462
107 261
392 570
354 296
177 884
869 635
754 26
953 127
727 966
466 697
978 535
231 446
301 585
898 295
15 836
644 272
77 10
98 839
439 733
323 776
185 713
165 133
965 988
529 952
432 365
306 941
168 636
242 284
44 426
257 669
345 435
178 872
226 354
914 231
336 675
753 8
974 348
982 471
333 39
280 651
602 680
668 587
435 195
36 448
477 846
321 163
846 474
639 456
860 572
647 685
420 856
285 148
783 426
500 832
925 31
175 149
10 862
291 594
620 923
61 522
388 801
969 207
60 492
836 605
478 311
63 859
782 336
47 366
463 229
572 557
151 539
131 476
87 159
350 18
62 358
475 177
435 694
176 741
822 997
607 107
3 308
270 359
923 123
332 954
671 308
728 525
625 720
382 670
122 186
189 957
593 17
272 754
47 910
807 571
354 736
104 488
236 233
366 988
811 304
101 241
714 424
957 171
784 366
615 500
997 446
920 558
299 498
431 841
437 972
307 905
783 985
887 646
471 118
592 337
228 445
746 293
37 312
712 557
666 337
629 523
3 0
131 262
217 38
413 699
737 413
13 821
788 726
774 408
285 111
27 106
220 712
27 458
983 878
120 543
810 529
151 271
166 194
899 938
841 979
891 754
731 482
840 103
940 667
852 938
263 497
95 706
987 870
762 798
121 655
939 208
467 233
631 615
475 239
756 922
868 425
973 460
191 52
207 371
794 911
466 869
519 346
268 248
766 786
87 716
316 597
681 554
936 930
648 622
834 651
346 523
218 128
21 970
120 103
750 280
116 972
115 536
894 147
951 987
815 214
970 24
332 782
458 165
825 399
367 519
330 453
632 984
995 428
291 69
254 831
692 593
84 910
914 597
169 586
279 783
972 332
122 919
796 778
109 469
473 50
594 36
698 176
495 122
231 612
412 119
170 453
490 762
195 102
750 355
223 635
113 398
336 334
262 750
307 931
867 523
674 362
641 357
361 958
15 912
69 778
279 498
42 871
571 984
998 366
229 840
712 973
808 111
451 370
471 93
344 485
817 780
97 472
969 253
624 146
354 319
778 716
844 927
754 104
882 889
806 934
407 210
678 477
118 793
29 735
978 100
732 37
59 958
399 423
325 138
283 672
479 591
436 253
837 240
769 12
364 354
414 639
179 591
246 682
430 149
421 357
315 429
447 313
258 36
953 765
326 526
814 543
168 114
688 441
533 463
72 229
944 781
753 116
317 202
694 326
995 623
96 26
581 179
74 803
961 986
140 249
493 651
441 670
972 583
825 515
960 5
305 144
524 616
120 784
31 466
938 330
356 413
951 997
14 880
204 544
434 699
724 382
926 26
908 617
63 639
36 953
369 552
4 265
499 229
912 870
522 206
225 301
886 149
980 204
358 702
304 672
310 420
894 703
377 847
181 384
453 713
530 16
725 114
4 877
675 43
114 7
445 824
516 558
659 309
659 283
108 769
167 459
630 650
541 909
760 852
346 470
464 486
261 897
197 205
538 250
470 545
19 597
761 256
824 872
328 233
627 129
61 559
992 55
761 630
560 621
470 277
630 936
847 218
235 572
32 458
630 718
598 798
230 711
369 504
846 41
863 309
16 386
794 337
589 431
358 975
398 849
748 320
351 655
986 257
336 337
729 637
603 542
144 650
213 432
152 329
215 52
714 923
40 77
555 723
819 885
834 503
455 641
750 102
317 113
748 609
168 177
353 222
761 782
361 289
407 648
148 347
634 467
491 708
113 197
693 400
927 870
899 719
239 52
913 635
25 822
285 768
920 249
740 537
153 635
896 654
589 102
842 511
638 723
738 461
445 414
255 738
516 78
425 730
946 970
495 288
46 215
469 846
99 237
56 343
857 436
362 615
939 417
721 68
101 696
945 818
947 363
849 917
764 942
586 747
256 963
355 987
447 76
651 741
346 569
117 832
962 846
303 922
863 691
323 20
874 946
939 736
77 824
99 509
760 834
734 654
305 961
609 627
688 67
392 290
883 725
954 957
654 448
979 534
566 418
812 26
296 868
716 285
924 287
104 758
322 152
951 654
333 221
817 478
961 916
119 847
760 299
548 418
785 445
340 197
453 427
39 93
8 910
114 378
500 166
326 25
684 961
842 599
539 213
452 920
868 956
933 475
253 754
294 161
23 530
221 471
609 282
785 208
654 56
5 686
883 366
311 821
632 391
194 465
672 38
901 702
374 581
747 560
244 657
146 951
83 676
956 340
453 601
725 399
270 265
225 705
303 852
896 522
344 820
223 929
403 101
324 43
140 574
943 79
131 991
898 644
667 470
960 875
412 384
984 264
406 508
415 379
481 438
752 767
827 602
523 6
740 722
803 946
499 938
929 28
174 526
378 952
932 445
456 1
280 882
673 579
19 341
223 8
814 513
434 708
128 897
674 538
994 31
406 252
457 193
180 754
225 265
982 76
676 812
506 818
623 610
687 609
332 505
353 40
404 589
719 773
927 481
748 479
743 442
901 187
782 716
717 629
467 958
970 532
8 403
130 380
200 984
825 821
776 736
924 204
415 494
944 249
11 136
115 807
88 479
517 791
576 499
567 376
309 36
0 519
674 437
673 903
506 761
840 579
633 931
458 403
687 118
623 165
102 383
836 811
857 92
872 265
115 995
183 570
337 760
936 235
879 656
644 113
172 192
20 843
807 603
469 52
394 129
116 232
935 729
809 472
741 472
483 413
424 26
243 920
989 973
667 149
557 847
783 973
850 474
334 294
739 518
381 198
454 632
538 129
788 845
356 200
807 102
338 571
983 429
167 534
299 351
157 678
242 525
289 824
353 275
761 214
573 439
749 297
577 16
529 901
250 553
72 4
26 311
32 177
23 503
377 829
984 724
930 586
735 681
870 708
698 504
602 765
334 623
237 57
43 319
139 60
504 836
562 639
313 979
321 9
978 472
620 327
861 171
896 585
207 753
232 744
210 13
132 280
83 133
179 826
135 692
199 679
965 90
67 713
826 416
202 166
605 101
404 458
373 925
722 986
582 290
334 966
280 374
218 244
971 380
712 651
233 129
406 856
487 114
210 307
864 761
528 104
394 891
68 27
685 939
77 838
765 904
686 484
791 805
900 439
181 213
293 794
614 715
42 397
689 59
565 403
648 746
144 976
497 523
220 39
314 475
38 721
642 519
771 183
570 450
984 389
165 456
44 531
234 442
826 678
946 651
427 627
301 583
273 65
491 947
502 56
119 702
280 691
412 443
573 169
523 691
230 81
862 921
342 108
127 925
567 69
798 752
749 63
730 769
563 408
166 541
464 204
105 339
650 900
792 997
125 651
67 739
942 15
583 832
929 917
686 669
788 699
636 188
954 453
718 287
7 474
397 246
339 722
768 837
667 841
720 99
241 979
392 812
651 216
488 393
6 213
770 730
478 88
148 4
353 559
801 615
127 770
613 955
906 721
254 893
270 875
517 26
904 147
896 656
459 161
688 388
254 799
5 855
964 577
322 654
819 695
215 226
566 950
603 135
505 621
743 625
420 439
209 379
894 217
28 719
574 517
525 994
453 150
771 149
867 775
173 751
653 90
731 110
644 980
15 276
963 554
521 305
550 387
676 954
772 632
925 958
864 133
8 273
498 295
864 111
660 231
337 425
914 552
941 865
652 764
542 576
304 987
42 24
874 71
861 602
430 595
682 143
567 467
527 380
702 487
585 293
862 376
962 330
592 322
864 46
434 779
658 937
896 524
760 652
618 99
455 852
889 403
760 909
979 677
77 594
449 769
471 411
126 116
220 131
609 336
457 464
603 183
902 786
658 689
171 6
51 25
148 835
641 6
598 659
250 179
68 940
206 96
777 667
505 606
135 246
133 132
658 561
922 924
63 536
236 346
917 666
529 948
411 826
469 113
967 874
733 314
507 218
667 477
753 494
8 6
308 251
889 303
197 867
460 28
552 471
909 881
966 947
993 518
547 727
422 335
839 912
113 781
287 613
482 2
579 934
234 826
374 183
36 100
352 721
578 247
137 828
889 400
469 18
928 934
733 760
384 237
380 436
659 376
98 937
139 443
181 232
704 346
205 261
584 513
217 879
0 58
671 885
851 259
411 238
415 760
604 156
372 169
234 612
259 503
700 933
391 720
165 894
156 783
223 160
86 44
891 97
808 422
642 702
3 729
595 61
159 324
674 476
522 472
714 760
665 487
562 817
739 259
800 682
111 687
637 581
201 406
489 338
678 52
965 655
604 497
489 450
100 134
528 439
604 253
488 500
955 959
494 138
709 504
16 571
56 982
504 805
362 538
126 821
253 214
901 817
695 93
17 421
543 390
389 31
31 984
367 606
882 479
104 72
844 754
332 831
226 47
395 646
254 332
226 680
983 448
356 4
666 251
928 522
0 390
664 671
535 379
494 351
103 759
673 979
126 157
8 118
466 494
165 241
890 347
630 76
639 71
741 96
702 639
46 705
110 118
891 700
255 383
686 823
664 202
468 443
594 805
49 348
335 182
283 518
46 486
870 24
409 112
198 27
897 941
8 938
857 170
214 275
361 639
917 366
216 132
374 398
541 904
349 941
799 192
197 570
438 367
530 97
787 876
611 492
556 758
911 937
97 378
479 609
939 704
279 844
542 341
234 143
734 6
126 206
252 33
849 474
252 593
871 195
642 488
480 226
182 379
294 646
757 397
319 262
170 743
16 786
192 466
575 110
126 32
393 354
624 312
962 987
533 336
954 184
919 628
981 283
241 419
112 709
563 981
717 808
48 992
642 349
506 228
519 491
505 379
418 224
995 23
474 222
335 744
818 177
986 624
457 574
195 13
730 742
15 997
213 499
99 35
337 14
830 370
480 860
546 339
681 242
931 401
770 793
375 180
154 170
553 18
139 491
540 455
11 860
308 568
735 540
686 689
748 997
797 667
493 167
986 68
483 972
683 427
353 573
48 292
872 449
124 815
648 491
820 860
552 404
22 666
79 85
837 964
658 755
964 963
709 690
966 659
525 708
220 65
49 605
743 1
590 416
545 73
499 923
522 613
341 672
431 767
328 331
574 953
75 794
718 464
827 180
51 943
122 815
393 114
402 996
905 6
58 870
894 975
537 303
787 864
338 257
826 736
907 284
870 222
745 531
124 714
887 498
578 158
152 54
57 917
145 885
637 344
268 49
838 263
582 392
364 575
769 503
446 162
557 105
914 198
119 482
918 47
594 407
955 355
105 89
115 89
109 515
838 608
799 675
730 332
323 390
727 99
494 929
359 775
964 34
490 857
526 755
283 942
567 399
454 948
317 600
723 348
855 619
26 404
11 784
202 560
997 127
245 754
114 386
637 737
920 347
77 970
802 64
535 841
774 261
674 157
1 257
440 354
693 420
392 702
125 197
406 497
212 615
355 776
742 124
77 490
95 425
470 180
348 537
560 383
721 270
934 366
266 104
633 916
135 834
529 313
617 232
904 486
828 552
464 712
458 62
614 830
87 653
914 530
616 390
687 758
184 642
350 426
325 298
439 553
117 238
578 906
960 627
467 465
844 203
419 153
551 711
12 534
765 537
197 410
692 579
379 552
860 615
144 208
940 629
440 292
524 94
462 702
169 913
277 301
55 154
130 473
483 437
0 752
157 793
480 370
491 22
103 321
838 552
778 884
369 5
216 725
412 756
852 925
30 932
449 963
335 521
15 937
726 294
141 663
701 792
810 222
472 373
794 640
31 308
167 11
809 87
160 484
333 7
877 409
58 974
546 742
472 735
596 407
166 444
137 207
509 761
179 489
533 535
729 591
930 567
293 972
809 195
641 418
814 628
953 838
870 171
825 574
174 668
340 828
319 934
740 208
479 903
665 8
40 54
457 818
196 345
276 935
747 534
548 979
779 8
53 742
287 927
951 173
211 685
369 511
133 148
505 882
921 971
587 615
341 514
573 333
243 678
226 33
320 754
297 551
257 564
490 615
829 535
484 753
404 482
528 735
774 450
958 312
984 670
148 167
461 791
974 796
51 760
419 897
270 748
443 508
974 594
98 836
683 57
399 704
571 334
163 652
685 111
259 974
367 558
848 299
900 264
269 646
503 867
479 274
465 630
922 792
485 359
473 511
106 659
638 721
496 920
257 755
379 300
366 665
295 901
445 921
37 538
64 30
493 349
292 3
563 578
394 865
834 5
641 631
27 550
863 401
862 803
287 685
687 611
138 493
769 369
986 203
42 146
160 60
62 720
489 820
522 532
361 714
5 942
698 900
776 924
302 800
505 126
998 543
630 940
552 994
216 731
790 658
573 246
163 883
431 722
303 902
471 370
610 390
792 343
771 618
317 469
218 829
517 805
566 28
82 378
418 719
180 520
626 586
163 547
753 885
595 892
624 781
990 436
639 332
740 156
505 709
134 941
62 809
878 19
159 49
301 382
666 723
993 379
604 769
524 432
545 35
729 313
546 364
122 940
397 57
137 189
19 265
66 312
108 865
240 403
492 355
130 555
107 861
35 5
186 778
758 245
687 895
15 359
672 733
945 606
505 867
729 545
717 423
538 841
859 78
851 88
572 517
209 659
591 235
304 56
44 269
928 938
55 983
207 754
468 528
347 955
653 172
364 773
735 789
99 612
234 400
924 386
151 62
689 953
619 879
649 503
917 582
314 449
746 434
291 467
645 960
351 517
696 989
519 651
325 185
747 676
378 647
224 726
313 627
589 11
572 802
354 979
862 317
9 993
596 159
178 231
852 654
471 824
683 461
889 829
588 102
231 276
402 422
695 463
610 590
917 401
204 209
256 138
712 304
108 746
478 348
442 248
98 805
935 726
24 381
917 711
417 318
755 43
74 291
49 669
496 35
253 108
261 172
532 436
33 560
26 972
629 149
426 411
972 226
531 197
826 337
39 665
845 540
661 82
906 220
892 771
242 835
898 136
145 389
912 857
123 511
255 163
837 637
616 408
410 245
960 497
640 111
429 422
862 715
59 774
912 53
778 731
524 437
734 573
851 39
400 153
55 987
486 810
503 904
322 868
135 799
221 71
336 552
993 29
749 561
932 703
434 647
564 910
753 962
312 959
661 369
548 907
366 841
595 608
283 506
52 8
278 67
350 684
383 743
572 656
265 725
253 343
552 595
487 955
653 478
63 5
961 735
814 953
820 267
687 229
44 361
105 782
48 404
642 361
84 255
274 286
505 681
989 563
850 935
78 393
628 674
68 114
246 42
713 766
137 639
242 505
602 254
344 69
341 322
993 998
997 219
399 762
412 150
645 873
310 43
727 387
24 234
193 815
707 519
300 724
34 215
949 176
764 737
614 526
35 724
473 93
122 395
295 566
113 149
302 810
13 187
67 476
50 814
377 44
855 265
821 812
914 554
874 338
522 317
317 692
377 279
459 758
853 499
569 583
609 451
776 697
258 996
699 679
87 428
996 409
125 122
31 743
46 149
961 377
272 545
793 489
249 147
966 388
351 342
45 826
185 203
849 952
652 819
384 316
248 514
71 273
825 745
908 519
889 476
321 492
924 12
737 113
315 286
577 762
360 965
605 909
747 854
14 656
284 3
833 203
951 803
243 622
73 235
473 686
66 37
20 908
509 417
922 557
771 696
71 681
480 677
927 886
708 107
625 74
999 156
981 908
445 104
908 146
400 224
420 330
471 143
933 940
95 169
601 985
428 882
33 900
541 738
770 35
75 814
27 406
999 175
398 973
928 796
697 610
140 208
968 507
81 999
327 481
893 623
325 635
475 783
575 4
697 118
939 888
786 118
893 684
784 171
965 503
471 991
577 875
918 701
470 925
40 218
892 576
745 753
528 201
195 84
246 917
339 385
194 475
471 516
437 19
139 100
98 471
331 151
668 706
370 331
356 98
287 321
536 594
562 657
952 177
393 0
229 61
846 644
491 475
235 988
357 953
432 108
551 465
542 150
978 324
398 967
198 252
175 234
252 844
815 920
573 625
60 123
338 184
29 343
787 12
648 417
355 572
885 76
178 169
855 600
211 840
200 268
439 959
899 363
202 523
288 400
857 563
366 973
238 659
334 805
311 786
499 25
721 161
312 591
258 73
903 554
569 202
248 305
526 515
648 301
303 412
914 822
437 98
350 177
662 860
407 589
580 827
691 231
501 908
485 348
560 716
713 709
781 786
828 66
597 861
238 289
107 930
895 798
925 141
650 669
245 431
654 695
996 310
618 836
149 657
930 734
973 663
896 561
610 887
497 76
407 513
939 611
256 942
447 841
178 545
177 266
754 772
682 553
202 754
544 464
958 265
81 904
485 959
934 676
766 971
42 681
206 906
796 892
451 560
144 226
218 266
15 595
865 728
690 101
888 57
369 645
341 157
208 101
655 598
563 786
89 317
345 492
733 572
456 767
441 462
388 538
106 234
475 305
412 313
863 908
876 347
447 336
494 199
80 132
890 731
440 342
579 56
335 531
604 374
760 978
577 308
380 235
745 725
50 431
856 796
31 158
916 361
49 178
286 548
122 839
550 236
689 526
728 885
286 292
614 643
945 951
135 428
998 28
133 449
882 226
973 851
492 858
876 197
182 298
565 3
806 94
142 78
32 363
822 911
335 421
84 405
128 253
771 720
784 439
454 52
820 655
4 730
623 135
170 765
804 279
122 63
991 731
380 677
257 112
811 350
334 278
357 455
914 390
764 441
952 703
26 830
597 436
230 327
384 240
93 77
972 845
158 280
95 334
502 719
29 377
189 983
436 391
966 815
3 789
795 902
576 26
198 126
117 517
285 642
952 603
409 321
19 188
191 610
499 391
791 243
443 717
377 273
306 494
208 742
678 929
203 158
369 517
611 36
778 79
233 479
171 813
417 126
439 36
487 649
338 831
78 666
906 994
727 969
822 81
279 597
224 500
692 456
127 469
622 810
685 987
418 431
841 479
239 491
818 232
251 434
842 577
769 476
908 272
760 120
314 36
863 454
162 969
566 223
805 465
359 984
742 610
239 898
351 315
951 695
720 852
919 351
360 628
475 834
256 539
945 219
535 258
148 470
402 369
954 305
739 606
532 660
581 493
373 345
337 475
952 982
425 488
21 480
528 961
476 983
556 375
751 443
12 913
26 967
980 841
584 383
10 145
225 541
889 420
152 814
823 524
275 986
334 182
167 734
312 393
211 186
239 392
941 109
62 52
364 752
879 844
17 709
557 647
987 438
861 993
559 314
51 779
377 434
121 87
460 266
259 719
747 0
880 252
951 445
888 138
569 551
379 856
566 132
386 430
637 143
788 249
656 445
460 434
644 916
938 192
70 977
88 722
848 269
458 727
615 287
464 227
875 253
399 741
975 651
308 167
934 746
262 476
795 962
389 751
206 566
73 703
500 300
121 381
528 559
382 939
133 401
873 344
679 151
122 147
88 615
295 552
232 906
874 25
895 293
728 217
964 153
724 535
941 281
89 676
679 149
868 432
498 829
687 849
183 617
281 333
175 150
781 738
317 387
863 260
945 898
237 916
334 215
34 565
62 708
817 273
895 89
408 48
312 207
954 451
372 951
133 488
3 722
50 712
486 661
265 832
874 880
338 422
367 963
242 947
174 293
638 429
773 431
149 892
105 388
818 71
297 227
231 717
478 772
682 967
374 488
343 403
167 875
180 87
562 670
43 61
562 593
747 838
681 58
574 73
327 272
660 976
854 157
337 877
418 777
81 397
378 989
572 230
754 182
984 928
884 188
369 513
310 984
990 823
181 317
908 540
732 421
870 273
858 303
239 412
285 391
688 762
931 672
754 430
863 800
3 738
956 630
3 122
167 816
84 526
322 356
880 261
744 178
188 403
117 830
187 528
863 272
257 377
405 223
460 731
616 623
460 745
335 17
306 326
942 874
299 963
55 776
672 844
135 561
588 560
959 922
982 320
535 408
480 794
193 539
343 953
994 585
765 337
584 865
561 48
588 518
19 438
227 554
206 849
612 631
289 529
262 740
120 143
767 352
672 384
513 759
770 880
160 387
342 21
320 41
236 646
954 414
549 683
749 113
879 534
886 701
12 321
787 256
106 11
601 474
72 582
355 249
654 915
143 288
421 555
13 171
653 45
493 133
253 67
534 844
319 915
662 321
519 800
657 444
119 185
783 480
938 536
918 376
403 236
537 72
686 446
310 237
426 11
696 295
478 178
576 790
920 476
771 597
67 362
189 347
480 648
551 795
701 727
660 268
635 498
299 170
681 138
2 437
247 107
570 46
488 797
62 709
243 474
281 544
621 371
927 553
527 714
440 40
745 422
114 505
745 24
746 150
210 605
897 989
826 217
424 321
718 839
405 168
973 894
75 703
879 745
375 359
701 1
536 251
8 517
367 415
888 354
523 1
250 971
827 677
79 691
53 204
956 313
103 564
64 156
816 858
542 360
966 946
638 35
429 358
625 317
182 472
86 49
928 524
742 794
393 376
55 96
825 794
863 189
767 447
37 613
37 806
578 640
753 655
543 784
731 154
644 467
727 331
367 940
577 583
532 486
208 270
791 254
91 874
283 588
483 950
223 31
170 932
97 669
206 462
650 715
324 506
70 767
426 907
964 772
150 650
601 286
440 476
529 686
961 28
181 985
221 718
204 808
205 182
42 450
804 83
818 185
194 754
247 410
387 180
165 933
591 631
135 708
620 635
243 249
532 7
219 189
63 921
924 999
967 299
66 163
327 994
249 499
416 82
921 584
478 533
547 82
691 117
3 429
951 486
557 780
365 638
987 644
531 265
712 985
907 397
609 241
273 175
94 821
576 369
421 629
170 408
693 918
609 185
901 905
346 955
837 378
669 398
988 938
598 398
463 560
959 875
104 146
307 918
291 120
910 203
704 615
847 280
709 299
69 914
189 734
756 408
277 488
10 356
12 616
178 408
71 688
74 566
772 340
451 112
983 362
490 900
504 644
444 135
206 440
357 206
938 368
581 442
500 910
334 663
473 470
273 485
25 572
477 242
582 804
549 569
75 633
716 195
880 429
905 229
603 380
296 347
878 347
797 647
25 905
862 668
990 240
520 15
908 271
776 306
184 577
696 495
495 920
695 544
87 424
385 970
61 990
366 836
991 365
651 183
241 510
358 308
246 214
974 182
12 365
210 961
629 514
43 611
973 860
308 517
347 324
282 976
535 586
506 530
68 850
628 531
138 723
700 544
813 698
95 298
404 92
689 446
261 381
15 24
942 736
998 636
169 833
91 704
729 652
776 296
424 281
538 811
80 279
63 884
366 143
60 953
334 338
499 670
344 518
18 817
80 516
325 270
729 429
153 604
746 604
416 71
44 820
862 529
190 435
512 78
112 551
638 164
451 684
493 894
531 889
635 260
185 345
642 958
979 269
674 485
454 641
45 369
503 464
566 857
526 513
861 594
770 294
386 446
815 626
535 331
70 351
503 878
919 532
530 124
760 770
852 567
777 873
453 634
270 400
221 68
222 256
564 333
912 840
614 374
919 148
859 99
929 391
877 910
524 685
267 758
828 394
744 789
183 35
193 684
665 513
977 578
183 181
113 976
404 104
276 48
646 917
293 546
324 306
227 707
621 716
758 259
735 750
541 661
251 335
134 978
4 572
744 453
702 879
575 749
623 819
873 502
648 91
591 855
74 123
519 900
493 556
146 847
637 669
676 721
661 710
468 777
60 713
884 374
404 733
491 323
204 693
958 980
231 179
112 784
496 682
228 146
472 171
719 297
914 162
311 804
259 224
144 84
631 382
819 564
535 118
96 152
128 493
892 652
180 642
425 662
157 423
678 657
435 974
949 957
686 928
397 476
434 501
831 300
654 19
922 574
789 18
221 199
496 764
637 757
598 348
782 373
649 705
802 244
13 973
984 461
617 940
871 95
180 119
628 228
359 717
191 725
375 459
541 399
732 985
172 574
495 953
770 128
645 427
699 617
963 716
616 773
603 188
655 58
378 658
312 805
345 300
754 40
941 94
73 251
583 535
346 339
961 585
98 140
798 46
62 119
731 397
273 990
776 765
315 797
923 901
270 949
6 276
722 188
156 220
176 561
613 678
839 218
890 856
941 761
66 633
622 846
189 716
746 995
112 942
269 556
115 558
378 450
876 746
271 914
514 829
820 695
34 155
617 572
455 736
419 630
557 356
898 451
259 695
974 77
378 188
651 214
570 608
544 771
608 941
347 805
9 983
914 801
910 474
392 150
682 515
265 523
956 582
157 851
537 464
705 121
668 538
265 940
795 80
987 838
533 9
388 304
966 395
862 274
720 719
735 956
160 895
388 586
428 861
55 102
714 460
577 14
212 428
304 971
473 424
700 912
946 410
542 506
878 996
721 192
738 271
100 896
719 971
889 157
106 408
58 183
979 546
628 891
225 584
990 68
610 681
60 894
973 371
94 299
813 260
984 785
398 534
967 786
109 441
492 76
609 722
628 431
832 168
668 446
450 568
767 731
395 998
61 68
126 906
95 946
723 109
858 40
664 899
106 763
908 714
738 441
628 437
80 951
737 769
683 874
246 668
182 794
294 487
230 788
986 980
478 82
336 678
88 270
151 978
80 229
256 112
729 524
68 876
737 161
36 368
254 447
791 355
896 758
66 153
665 195
704 790
56 772
848 941
639 594
211 918
258 146
776 203
431 67
157 446
422 931
288 867
797 145
414 311
217 699
672 869
92 657
329 442
323 402
793 227
410 831
691 136
373 188
835 573
564 296
734 740
379 651
331 14
423 198
241 467
326 268
44 950
792 890
642 819
391 666
803 352
226 285
559 433
587 593
686 601
425 11
60 870
512 239
33 163
704 8
836 850
539 345
481 917
547 871
957 556
279 752
112 890
270 377
624 400
431 192
534 971
144 906
544 498
753 257
375 328
402 935
746 3
931 160
384 399
575 787
19 626
616 454
277 39
173 928
35 87
420 919
992 12
731 406
65 111
446 615
925 809
638 737
945 117
840 349
485 594
63 875
469 448
544 476
928 580
685 988
695 300
381 371
236 341
31 592
908 992
849 466
212 726
141 191
344 999
322 286
878 791
868 651
948 444
122 274
197 98
797 395
874 744
140 751
691 976
656 843
636 790
807 945
150 797
807 255
736 952
770 993
712 498
95 921
686 262
461 493
791 526
483 386
137 286
75 474
708 841
387 414
70 972
38 603
92 778
442 316
290 787
851 760
933 274
325 364
951 920
622 20
953 613
713 418
669 549
252 316
382 734
233 894
938 401
833 213
602 299
887 998
176 359
117 678
313 583
90 22
88 194
414 407
292 746
450 744
883 663
161 299
813 440
577 813
626 162
200 135
258 593
265 715
496 731
350 564
379 234
726 152
659 846
351 224
990 807
623 39
35 566
221 883
175 172
974 227
293 666
66 696
946 811
217 973
293 39
245 967
288 168
767 451
31 99
384 625
177 15
903 829
382 609
85 174
493 536
829 815
292 473
680 769
522 696
938 428
958 474
747 328
42 610
553 95
363 840
772 145
560 507
749 890
11 110
48 821
850 189
608 134
876 27
623 233
514 885
985 369
758 616
518 614
766 121
641 817
758 128
345 446
805 878
848 905
594 175
720 159
63 731
919 459
64 498
753 783
930 30
482 779
159 386
888 37
790 737
330 380
703 479
732 150
239 564
874 525
867 859
209 34
974 689
932 410
593 637
558 511
539 691
660 693
587 768
243 492
407 169
851 183
998 934
746 321
80 958
934 647
690 701
462 151
519 32
813 522
475 607
644 505
415 663
52 458
851 680
818 398
591 825
660 657
721 648
142 338
659 986
305 583
866 119
348 767
708 622
662 797
720 403
552 985
701 254
74 131
4 529
963 905
121 889
119 265
917 278
862 782
126 450
792 135
291 524
203 810
924 28
382 98
288 313
413 289
23 637
151 192
82 128
213 826
51 592
420 827
681 818
360 850
490 824
923 968
978 296
58 657
919 811
873 124
312 553
778 577
125 997
48 841
911 307
613 655
746 52
329 712
624 649
273 811
317 851
441 962
284 417
62 722
821 704
576 225
156 772
705 108
252 152
670 732
958 18
790 474
451 33
347 489
472 556
386 925
442 815
518 679
807 93
771 523
23 528
751 863
476 999
472 898
785 393
578 447
266 451
736 167
433 634
881 347
185 688
914 350
161 127
823 695
414 533
890 270
263 940
523 356
310 580
432 734
666 802
116 857
234 661
742 37
21 269
86 493
915 33
844 922
378 959
681 573
724 949
667 711
830 759
103 653
15 40
867 988
719 224
146 502
579 404
883 727
682 132
406 780
126 55
913 353
544 291
149 83
264 197
990 274
156 721
390 143
501 591
794 287
52 207
760 221
818 814
156 36
858 451
650 548
774 403
12 465
303 598
516 223
671 791
223 525
40 457
8 875
567 933
515 652
439 82
760 650
736 35
902 860
901 2
683 268
459 289
238 744
220 991
337 110
460 565
241 390
844 157
460 68
171 201
762 310
924 228
820 71
990 651
408 975
388 729
972 529
760 11
320 561
560 626
588 87
327 39
676 666
887 934
713 843
438 538
503 372
439 646
488 439
973 62
112 329
98 915
401 574
704 766
713 454
725 402
918 500
760 933
695 763
433 84
540 423
42 832
352 765
992 460
774 717
377 102
545 385
576 93
856 543
472 309
952 752
781 646
791 525
753 947
891 625
283 856
153 708
521 672
189 951
258 323
464 491
208 884
576 586
799 232
230 524
404 425
382 229
795 669
834 22
232 52
790 883
971 623
706 18
735 894
964 262
808 124
695 550
666 136
525 628
690 801
961 287
152 720
38 973
121 899
158 336
33 943
115 419
657 123
626 274
471 246
356 702
315 776
19 645
943 541
311 331
92 250
723 583
343 770
683 819
893 720
185 453
146 865
367 97
152 211
655 656
147 744
2 296
274 240
823 148
479 48
384 506
450 76
908 34
101 122
6 124
146 970
577 910
455 132
416 929
647 814
701 748
93 723
780 689
959 842
794 958
232 28
464 882
137 270
172 817
244 199
983 496
596 210
843 257
477 548
410 535
964 852
346 276
420 516
749 14
429 216
624 170
617 543
770 92
100 175
971 653
673 6
154 577
822 370
397 838
816 479
808 652
816 912
866 81
428 53
340 181
234 335
361 866
405 456
791 887
91 267
785 574
426 904
739 629
446 290
996 745
719 975
930 4
847 365
950 951
456 258
704 508
979 573
761 377
301 628
310 319
232 512
283 830
511 393
899 900
337 880
78 390
761 430
32 365
337 584
901 64
661 315
846 916
327 430
373 952
229 359
741 243
138 978
44 435
2 506
232 854
97 682
601 132
296 648
977 642
602 205
38 754
775 178
273 472
700 316
736 88
595 657
566 380
708 118
893 786
929 480
417 442
996 939
162 581
544 584
774 841
541 170
183 634
383 859
923 896
555 600
0 688
656 754
109 72
290 505
220 199
349 582
611 474
101 819
228 696
809 541
868 416
180 569
585 453
88 569
592 963
845 50
19 187
338 48
295 34
36 623
208 234
109 831
482 768
842 437
552 928
792 419
588 967
989 543
251 90
645 400
519 110
880 437
96 285
285 4
778 183
790 728
396 15
634 200
619 822
730 878
230 213
639 183
585 135
921 399
802 710
805 305
673 316
315 690
868 861
965 181
662 698
870 969
334 119
46 281
179 636
522 357
372 520
399 931
177 18
698 262
85 252
90 312
36 754
985 734
211 695
421 232
857 753
331 815
703 258
249 909
762 216
122 135
833 973
561 960
136 976
264 405
774 505
939 937
692 750
829 319
401 730
400 617
42 346
69 273
699 590
593 762
97 417
817 50
576 107
659 545
399 939
558 326
810 963
692 286
12 130
780 982
674 269
271 335
845 694
767 325
86 831
129 149
515 907
888 937
969 227
280 548
610 570
808 489
71 758
583 327
755 503
577 545
596 547
629 39
597 89
251 933
159 0
658 464
908 529
492 566
836 421
126 378
676 397
574 518
193 141
806 715
861 414
688 798
811 372
104 285
110 105
834 857
76 23
774 572
464 312
596 625
36 71
288 91
992 910
599 246
365 867
170 416
910 87
863 667
787 870
992 846
402 973
511 258
754 996
596 51
97 935
782 757
411 443
986 827
241 178
985 295
887 648
321 486
364 707
206 546
538 557
845 986
140 918
418 228
685 22
102 945
726 827
551 211
721 465
112 904
859 40
434 771
101 700
137 812
101 57
797 279
877 215
176 345
982 966
600 500
922 828
813 563
499 689
744 412
135 618
789 515
993 798
464 937
32 522
130 569
715 123
102 467
486 547
269 134
488 244
199 691
804 188
859 864
845 886
275 185
921 259
80 28
616 638
208 392
324 154
994 571
524 945
514 473
197 335
390 397
668 842
838 420
636 161
260 309
314 590
844 908
442 526
520 865
308 312
529 424
710 890
590 924
620 869
779 564
38 727
485 781
861 476
362 648
264 390
670 848
621 471
824 579
769 731
896 712
465 114
96 610
797 982
382 286
568 43
639 61
893 739
335 925
404 606
973 915
584 910
346 194
457 863
298 337
357 468
170 353
52 594
295 816
39 869
266 231
102 776
310 668
505 906
54 256
509 224
945 824
49 369
263 516
210 878
117 914
185 626
934 853
804 367
168 229
620 507
429 218
132 894
226 591
584 719
920 944
185 15
24 948
5 146
673 439
40 532
446 228
415 868
224 901
157 487
268 835
448 719
466 167
386 317
578 690
639 557
976 164
24 566
789 781
753 943
341 462
346 511
548 673
201 104
161 794
45 681
568 905
412 517
71 21
6 417
480 544
634 527
524 645
259 927
891 285
843 77
29 976
0 884
614 594
687 923
129 80
80 295
568 956
409 577
312 89
678 923
964 779
907 591
142 72
993 296
959 919
444 16
583 251
743 574
850 830
618 183
768 402
211 460
52 588
226 420
8 315
144 471
460 456
788 337
738 561
384 489
982 695
692 157
511 404
906 694
635 198
741 970
827 569
624 856
83 541
218 786
116 455
515 398
662 999
0 362
128 540
87 726
915 282
625 327
252 341
702 207
71 613
804 24
378 67
447 669
379 296
692 948
720 636
864 889
419 144
481 149
298 354
164 739
243 279
465 53
151 733
342 190
95 393
742 513
31 367
385 787
69 206
925 408
611 181
475 498
470 240
322 637
532 501
350 464
446 298
891 883
46 33
662 958
822 903
874 951
30 350
246 56
93 573
349 733
366 791
310 916
642 362
276 334
353 920
875 234
967 405
5 720
639 327
987 607
154 645
831 307
690 376
248 218
567 890
582 796
336 273
370 735
782 611
2 36
511 345
282 449
961 835
634 475
736 314
548 730
710 995
696 946
66 839
829 272
817 724
903 87
215 142
305 705
351 949
723 388
542 787
875 730
325 880
137 482
327 354
237 109
99 659
51 169
583 441
605 692
719 716
99 578
42 944
950 849
867 977
341 673
925 988
813 485
309 58
313 895
740 579
26 554
840 667
92 779
424 72
290 445
216 167
581 355
836 640
506 238
93 545
317 405
46 426
887 381
102 703
768 364
42 234
88 354
151 819
383 124
389 404
882 654
447 692
223 571
635 147
541 84
775 280
998 615
145 875
5 755
987 922
675 838
840 141
639 406
502 245
518 919
744 929
243 751
453 251
370 335
334 323
304 795
696 407
951 225
396 951
642 656
708 621
745 791
70 373
981 765
578 179
37 769
806 420
689 684
360 789
922 449
33 211
354 87
368 535
676 754
449 793
507 517
146 927
183 534
999 721
904 533
173 676
209 493
286 768
881 759
538 471
652 646
803 948
283 618
959 204
865 324
459 342
123 851
541 237
142 26
951 71
794 42
620 209
930 668
28 763
964 175
438 56
103 676
883 317
741 911
120 943
366 361
540 16
33 822
192 313
40 560
743 311
456 247
259 411
319 156
459 999
296 270
765 85
827 200
351 13
884 661
959 409
906 345
738 402
108 726
791 648
333 471
655 214
672 669
903 981
862 404
603 50
93 265
346 142
14 50
102 434
443 952
12 946
503 350
810 15
168 250
226 768
403 471
424 707
346 358
163 618
719 142
540 925
869 253
11 716
888 468
857 645
895 360
786 319
920 992
358 72
726 955
496 965
968 25
94 480
554 591
839 73
859 396
162 933
720 379
529 442
81 704
504 253
294 869
861 353
372 909
300 640
226 931
52 816
788 302
847 169
798 796
469 252
860 922
841 315
643 857
221 469
70 559
164 567
959 458
789 66
40 716
347 637
819 758
338 445
744 577
282 888
960 493
910 865
508 574
695 516
194 121
461 428
812 556
144 962
718 61
522 385
554 795
333 487
219 630
84 553
565 184
782 661
188 231
680 353
635 639
638 303
435 564
943 194
786 202
553 230
486 338
61 455
39 97
855 953
881 795
685 781
983 523
565 18
862 911
439 378
424 675
884 910
965 244
918 3
491 440
652 377
11 738
425 250
936 389
647 941
425 209
780 73
423 88
765 254
690 69
459 898
390 251
359 974
904 654
338 516
582 657
722 408
315 69
243 459
250 862
162 81
671 351
799 210
485 219
578 665
554 715
120 637
813 267
206 761
937 107
31 777
296 230
589 993
118 461
303 506
695 362
71 946
623 904
300 273
58 129
570 730
838 417
595 253
348 114
761 686
584 528
961 195
780 692
690 119
216 462
622 488
907 624
447 10
911 837
974 61
386 992
619 328
329 0
985 645
654 995
435 130
596 637
424 183
941 77
48 263
902 506
750 42
385 746
221 207
356 804
614 769
78 98
354 628
942 254
435 602
496 253
957 918
155 955
174 253
287 339
345 356
23 232
77 145
775 542
868 769
648 636
334 313
162 832
109 534
976 50
173 595
209 623
77 555
425 187
739 503
205 787
547 283
74 24
519 708
932 799
858 89
452 926
328 86
83 395
355 890
965 419
66 788
722 466
396 622
217 996
764 198
208 284
313 409
269 449
0 634
995 320
798 874
203 897
206 59
695 817
921 748
821 887
873 551
213 908
68 409
945 101
722 422
791 708
506 221
524 1
3 723
935 110
149 231
671 998
680 167
745 560
270 163
123 8
346 138
485 872
62 847
515 693
970 446
825 408
707 832